# Created by Octave 4.0.3, Sun May 02 23:50:43 2021 KST <ohseungpill@538-MacbookPro-2018.local>
# name: C1
# type: matrix
# rows: 100
# columns: 2
 -1.563511399841639 0.7192971606047922
 0.5530736640545078 0.414874221683692
 0.8324342124757949 1.292266811047478
 0.9337536174450248 -0.2478828645307443
 3.919240860085668 0.006114882891918174
 -1.068171713657553 -1.014410685935052
 -2.119424902774619 0.07428230670523878
 2.451028799075562 1.200815980484085
 -2.182802341776145 -0.6147736711600966
 -6.552382753973722 0.09320068017209973
 -1.242863233101362 -0.8940796695509974
 0.4909108392440777 0.2200087375214413
 0.0987098964881058 0.3750539070368012
 0.7758600139270321 -0.5670678144915288
 -4.638407142861857 -0.3515930181256268
 2.433108010417555 -0.04670836788051509
 -1.15144908755584 -1.767996907913532
 0.1820366157061755 0.4835998644437866
 2.186354033814966 0.2003323813925485
 -2.212880272471008 -1.492724786279691
 1.824369462914678 -1.015335362089529
 2.459324784154082 0.8148472322695959
 3.266815683611477 0.7353934599948432
 4.665493998821678 -0.5162913698924587
 -4.480363257723241 -2.828985239480883
 0.2477117655576372 0.1288984279858211
 -3.549678235747939 -1.298198683855789
 5.000862046856065 2.883486574567425
 2.292233789609696 1.23354124218574
 5.22458667756531 0.3670677963276493
 -4.240569395355767 -0.274227391061467
 1.086586800674069 -0.2421947684911588
 -4.676575686890308 -0.8083764692957565
 4.891589725589892 -0.09575505623371772
 -5.212930238568291 -2.732817525039892
 -3.166472702687058 0.2375481937449111
 -1.921831502922755 -0.8426119668273203
 0.5610723782882059 0.2160274666485785
 2.964666825241911 -1.197630928331725
 0.8678886955304647 0.8693920727334914
 2.165942910543075 0.2586480199929101
 -5.770502720199897 -0.9619812207403595
 2.062585717796998 0.6217298644488652
 1.356660140663036 0.08990846909026839
 -2.931043330697593 -2.74372456348811
 0.2922515058346142 0.5339376623185115
 8.763399408203652 2.42768889071776
 2.378719848024498 0.7583512982990069
 -1.300599029251177 0.4787076059546614
 1.580753137854084 -1.038427083142228
 0.8797492359296226 -0.9719557757151865
 1.729622906418322 0.7096738686463073
 2.972571582878984 -0.03201123031627771
 -1.639838899326277 -0.2374975362214054
 1.576490476673587 0.4752661433251186
 2.916841696071373 1.162761911474145
 1.917336796520208 1.102046129238686
 -1.247381643009716 -1.121906550844163
 -1.780583410861748 -0.09502195628185642
 -5.116127646986336 -1.937641955918026
 -4.640266347177826 -0.0333400972308296
 -7.905459592178109 -1.353386074215904
 4.813075014083441 1.139089002614384
 -1.504686859628538 -0.4899903428375649
 -6.65197444760534 -1.644919865610955
 -2.237952769656305 -0.4361856183186821
 -6.760238304947814 -0.1842183752380878
 3.43541326121246 1.163040807140926
 -2.390295045066531 -0.5588782955802388
 -2.296396837727408 -1.885186621203978
 2.398848561406044 -0.2838928530901924
 -1.442230438276561 -2.146893946324884
 0.7413939965705407 0.01542897035170716
 -3.654201976116203 -0.9989401381748021
 -2.713793639870813 -0.6511203882266625
 3.363110751948711 -0.01990054853227917
 2.266802819515247 0.342860501499533
 -0.3565156829537234 0.380507566032856
 -2.957830641102951 -0.2008121622252084
 1.331923165555653 1.233725903399823
 -0.2911597501341961 0.2796088224235465
 -2.283758968692041 0.5216520592555991
 1.954601846978866 1.83058075488571
 -0.9509979511982867 -0.6285770476644489
 0.6483402594603122 -0.08490301506924045
 1.489989172517529 0.9624268576487847
 -1.134960738277499 -0.5362081947699039
 0.117812389398161 -0.1310724446799257
 1.170253952525711 1.21998437831361
 -3.294396289611134 0.1249216921058053
 -0.8677550185409472 -0.2329710007466538
 2.669579904391542 0.4757669928568144
 0.9519370196514688 -0.1414097809855515
 -4.608546385538784 -2.267666715676434
 -2.758552059989371 -1.175603469792936
 0.8376238923820564 -0.259937163165479
 -0.3166015746346018 0.05965684849110196
 2.568737759454101 0.7340261763226275
 -1.691204649940283 -0.5732744612226917
 -0.1750972183915685 -1.782801590381918


# name: C2
# type: matrix
# rows: 100
# columns: 2
 -0.7394715618410423 5.43504274110345
 2.993320214194348 6.362242187516892
 -1.786541769209599 4.249693224842485
 -1.033403341529251 5.089576634973146
 3.147229945341058 5.638588453613334
 0.5429387850371291 5.853428236820893
 -1.28182955924036 3.967388315350574
 0.773603831394301 4.915381575153454
 0.8028769613141526 5.553412743877428
 2.84739826038 6.571651375635218
 -1.267134699479507 3.518613589915204
 -3.050359713803046 5.579346402225947
 3.841613509247104 5.187700677944822
 -4.914192121598452 4.618709703743502
 -1.745736373228389 4.762681755908633
 -4.634427563567817 2.718991125308777
 -1.499211371435582 4.023567082960938
 -2.645903771901277 4.858791802837862
 2.007418442837229 5.152671689612365
 -2.129731010941581 3.759205318716259
 -1.484632404336159 5.40814250912713
 -0.6505474043461059 3.903325786122684
 -2.921845309032468 4.705897215106745
 2.829403274974158 5.981940213872486
 1.953677808524457 5.402585244464512
 -0.06100270746938764 5.480568416741711
 1.145404495281735 5.88516451601182
 -6.052009829621539 4.644400357265222
 1.982445240360462 6.800918125194475
 3.769520647435869 5.617078041016391
 -0.02744012489603263 5.295051282835562
 -0.4403473697606104 4.769135883725758
 -3.43184800511669 3.699775640684462
 -0.814243754633676 3.486132954886095
 2.171743107585774 4.778269513168626
 5.883396260099358 6.099479507103961
 8.405820590000934 6.331077674299688
 -4.836323287846843 5.303395892893822
 -1.768803481412236 5.242866392490654
 -0.0906845930991422 4.326342419042466
 8.158102985994276 7.274956074909648
 2.482737644461217 4.546432071914039
 5.261999925941163 5.724408140052296
 2.390164931435004 6.368024066347007
 -0.974958346308493 3.551816306594219
 -1.503361418379229 6.060724690916196
 1.111494815255944 5.483083109731218
 1.091195908189993 5.018845874816043
 -1.370525897195916 5.020350888512701
 -1.094987964826232 4.894024659392256
 -2.211935982352335 5.313022107968189
 -4.685683059136839 2.493875647891137
 0.1591183025971526 4.222911746845275
 -1.719137577562294 4.730184016321434
 -4.857658830455408 5.101237424749372
 3.968925097315831 5.903172402488083
 -1.462956449319493 4.40169176922265
 2.103361148904091 5.361079152105892
 -1.061256853452058 3.653058135191424
 0.6809680059687017 5.054542767176693
 -5.762129006961372 4.194132502113075
 0.4482256427917677 2.756326735199862
 -0.7645583933687258 5.306039101556424
 -1.795364237492549 4.838733509687177
 -1.879654910682807 4.268054012144845
 0.6065767024686706 5.47475896690866
 1.926755032893707 5.551768102052464
 1.236901678974901 6.198034109386346
 -1.032095184185025 5.400037276179973
 0.1923151948342882 3.601869660702691
 -0.04576757207067165 5.368119906800041
 3.233636217282477 5.976037205728987
 -1.087024739940752 5.338771165620278
 -3.174341928118157 4.436690303279002
 -3.307594946930692 4.556892801072957
 3.915430998977458 6.65242652462598
 -3.497069950434217 3.695084544118748
 3.129203637409991 6.937417119579209
 -2.133252705928967 5.068873786220832
 -2.076257625071652 4.787207509805504
 1.08392913507069 4.593498361746651
 0.9514478065987683 5.301702517716126
 -1.328144730796231 3.874170023052832
 4.556942871320486 6.791766507484937
 0.2098845411946193 4.352277028275811
 -8.739145813846802 2.596853006097495
 -6.536387751282837 4.499604824111327
 -5.554813455019395 3.494181700631561
 -5.132422263296294 4.141611963935063
 0.5734665201991431 4.266994743696434
 3.455953330446229 5.165881308640118
 5.509140811071857 5.539104316299523
 -2.193196517389199 4.79063028504252
 -1.159729628646333 4.943875806151636
 2.233599786321197 4.715143261338598
 -2.575054350300794 5.40312283700935
 2.092033578350207 5.829111474881777
 -0.2809061520686431 4.886495577238459
 5.776902154709642 6.485444212035128
 -3.929177687834802 5.809604986084919


