# Created by Octave 4.0.3, Sun Mar 21 17:19:22 2021 KST <ohseungpill@538-MacbookPro-2018.local>
# name: m1
# type: matrix
# rows: 1
# columns: 2
 0.03251659415568726 0.1033596777769919


# name: m2
# type: matrix
# rows: 1
# columns: 2
 9.572639962340302 -0.01456744418216595


# name: m3
# type: matrix
# rows: 1
# columns: 2
 0.0009000114911713836 9.87440167819441


# name: m4
# type: matrix
# rows: 1
# columns: 2
 10.44375535676805 10.59708189965043


# name: s1
# type: matrix
# rows: 2
# columns: 2
 0.845717939517081 -0.04617180412003814
 -0.04617180412003814 1.028523285604351


# name: s2
# type: matrix
# rows: 2
# columns: 2
 3.802562773025429 -0.4578879410936114
 -0.4578879410936114 5.300909818544513


# name: s3
# type: matrix
# rows: 2
# columns: 2
 0.8641838620482739 -0.1056919601028282
 -0.1056919601028282 4.806249792600735


# name: s4
# type: matrix
# rows: 2
# columns: 2
 0.7838923166497154 0.6951153242646539
 0.6951153242646539 1.76426982229484


