# Created by Octave 4.0.3, Sun Mar 14 03:25:13 2021 KST <ohseungpill@538-MacbookPro-2018.local>
# name: C1
# type: matrix
# rows: 100
# columns: 2
 -0.1562121760434562 -1.209778602069361
 0.5325648547762895 1.630299445468125
 -1.581835316202421 -0.6536043004397505
 -0.3487802726410331 0.5025640594678242
 -1.819869086654526 -1.067038598227684
 0.7098896337834772 0.04840425170858777
 0.09580023633577822 0.6194069482430908
 0.4298697242129683 0.9846943831428719
 0.2068721964106432 -0.3034790687187819
 -0.3847941744710616 2.116301115833175
 0.5076763280033469 0.6767477964103292
 -0.07260847876532155 0.1260559772995137
 0.5975664194059898 -0.2312783675551668
 0.6736507189999122 -1.504314590936806
 1.381243490021384 -0.5168635144868013
 -0.3144196469115982 2.695317909851193
 0.192523931902319 -0.4382613207666574
 -1.484292198363755 0.4090112213698266
 0.1755007407339641 -0.7805044033304304
 0.224860749180827 -0.9692084479974798
 -0.2204610893179623 -0.3118091178047808
 1.408673856409555 1.813331784691915
 0.3798173576109366 0.4227682018920483
 0.2822261452691958 -0.02574184693008032
 -0.8728872234481282 -1.264941154294564
 -0.1516617921146164 0.8323986539820806
 -0.06250417348186135 -0.2658996157650844
 0.870002898187841 0.03089315260938877
 -0.4388241850570574 -0.4913131028703361
 -0.5559734890934791 2.235652745399853
 0.2678395302319976 -0.2330245490627971
 0.2988413472160544 -0.6535969775062237
 0.03961090430671189 -0.4363337597357352
 0.3278710878259585 -0.3095530662089711
 -0.3449425507188592 -0.9580213151487771
 0.9888164103190531 -0.7027734950400657
 -0.9619740726379941 -1.490949904867385
 -1.202495362512985 -1.15105920747329
 -0.9308664222992434 -0.654300120839489
 -0.2401422127969792 1.599375204898125
 0.725593153768758 1.526512101049623
 -0.1864281922886634 1.240673290414227
 0.5492452138001283 1.533179353211695
 -1.408218814956743 -0.430822465002173
 -2.105437670731768 1.036448532529728
 1.536483666268644 -0.01401034715798718
 0.8556632329791127 -0.7897634311743936
 1.340543405470817 0.9816371187208304
 -0.1305262693998436 0.02877338773979876
 0.2597602262093388 -0.1255541538643005
 0.5541135820042382 -1.358057652657221
 0.1308466084821299 2.764059906826226
 -0.2968914662858834 -1.046358879520987
 -0.4535293581497912 1.35542976014657
 0.6457501406303129 -0.9564203558384236
 2.767513737137762 -0.07045247446470802
 -0.3649878947468665 1.543588518899646
 -0.04761249250254965 0.3579737211674153
 -1.404415524325262 1.538516769514184
 1.115172383139114 0.5791080650455211
 -0.375599153917706 1.962377050530188
 0.8603763038282342 1.324836544029598
 1.062008406685446 1.237267774164826
 -0.738885971612983 -0.385403163537031
 0.4929589615716327 -0.07262414132970849
 0.3411215318380558 -0.3539693413944206
 0.5942912040849339 -0.9535848713819672
 1.748576593085088 -0.2136234491526696
 -0.652521335620637 -0.5948042484222625
 0.6296297388122226 -0.02764932601848452
 -2.268823599584736 -0.327494453710953
 -1.337215608079248 -0.1322426688987917
 -1.614334185916549 0.8108863047023834
 -1.335734857196966 -0.1221833338635342
 -0.09236233186064953 0.09955853485175048
 -0.9246514553085708 1.42461785933424
 -0.2527978831830882 -1.480229740689731
 0.6083836114965419 0.1489972530725753
 -1.219222619619228 0.6169206552957167
 0.0362275824354167 1.120365155040713
 1.461949855713063 -0.08148666758877482
 1.344967674353332 -0.9835813245787257
 -0.3423647957057789 2.038870212469631
 0.0624365078754436 -0.454676694096495
 0.5508946390223025 0.5136864180702573
 0.7482197219989523 -1.170677962810168
 -0.7516353159663022 -0.8268506312420844
 -0.9808198354873882 -0.5099338577659008
 0.6474649464726581 -1.590712715266289
 0.3405473303097262 -0.1706553723943767
 -0.2433019273682754 0.16343912497938
 -1.9433204951573 0.6316178077485487
 1.001084282738314 0.6246689597265177
 -0.3038629972241498 -0.6011353454749944
 1.288221218276606 0.3527369450173556
 0.8853106701738848 -0.2083901358099863
 -0.7417804517568428 1.144196119977235
 0.4111723228930578 -0.2043854017965445
 0.5491952314578341 -0.7832950469115217
 1.17704359689753 -1.443520216953027


# name: C2
# type: matrix
# rows: 100
# columns: 2
 6.875709608826202 1.713327270309871
 6.150291197888375 -1.55132438738958
 10.02257421128912 -1.252569385239896
 9.294220699656677 1.054913650668549
 10.06913531051321 -1.787427126176161
 10.81499793536659 2.024723113913999
 8.987092779694304 0.9888575341762464
 8.256123265057912 2.570410583655113
 12.34325223414771 1.114129838062717
 12.55572556960836 1.615337175715699
 10.55528706492205 -1.223848646025812
 4.106671742898443 -1.879116060477044
 8.838307025402772 1.237991889392877
 11.44733113880556 -2.266876597185707
 7.728724298158442 1.085243534082357
 10.20574144679164 2.488037759708151
 6.521789076530506 0.5335104759904828
 6.526570249842802 -0.1114531446143666
 10.08287349273067 1.539261073452891
 9.406404562545141 0.5584334254363238
 7.804134268739038 -1.135725510548992
 10.60181741331489 -0.8839720204073287
 10.8289325982598 -2.930945472445893
 6.875445425045353 -0.09438321765636214
 9.030793349059298 -0.4021974656166227
 9.090629975378116 0.2926815657380565
 13.92913184453065 3.870655730152158
 13.10163586574684 -1.900823801345086
 9.857543486467915 -1.315763806652556
 9.718748360999165 -0.2641294544390332
 8.822407120364348 0.05148976706020944
 10.04836837446003 -0.7209026781512859
 8.175176635992059 -3.158277591626164
 8.89998032572128 -3.013266688570847
 10.96144330451149 0.1639243705531672
 9.812005548106681 5.064213915070645
 9.574569306434896 5.779013286556026
 8.753105615478468 -1.284698678793683
 12.23528431476552 4.274098042818846
 10.87912541289148 -2.30516334089543
 7.929279502114838 -4.277546471531282
 9.83005441766403 0.1601902997802154
 9.501577443941118 -2.961317028011138
 11.55919486197048 -4.584938913909908
 10.92283335800585 0.5228533077261306
 8.370759987389265 -3.519284484288104
 5.916263323620685 -1.814587710964285
 11.32676479804087 -0.9856252957452715
 7.842537325231735 3.080869306736167
 9.35738453159037 0.04966886410395267
 8.611790199315227 1.035442963499414
 9.979074719731479 0.6205291971366296
 8.902156984744359 3.155776476818992
 7.92646386826937 0.9182424999652817
 10.3225328841039 1.770889472352294
 11.70608758271012 0.873771657200053
 10.65908959821087 -2.051501396561735
 10.58700091547499 -1.523600991115365
 11.33344231764711 0.3402906773855741
 10.4610857323607 -0.7848486919611115
 9.563055556382357 -2.865022356550524
 11.9566010840944 -1.816625728365779
 11.95840786963669 1.366009551192122
 9.078176335189886 0.6796413243298715
 11.05953727286857 -0.3010075884146547
 7.67050204076039 2.782262604666241
 10.45536389825112 0.1961294274363172
 12.26121410462806 -2.952096983942138
 8.432404952758045 1.916200613744181
 12.97368609395965 -4.09105045650247
 10.15173725983397 2.196973397838834
 12.37327075376762 -2.108111323836256
 11.03427138571868 1.302026722631397
 9.178437900558784 -2.168962957875944
 5.749194913997405 1.302192572077951
 6.038974763193442 -3.181518164129943
 8.190740531908162 -0.6192162207066245
 4.980809312484696 7.80494356007474
 8.044474497394642 -2.820591311223291
 8.865746779847059 -0.1371935334129286
 10.24476875723805 1.18489215998515
 8.726452630002369 2.215793230877745
 8.659555221854562 -0.9664710568939899
 10.81310065933527 -2.835609283388985
 7.93906118235542 1.28483098693113
 4.748896610932023 4.064716556957017
 10.49143921939701 1.958421959786028
 11.40847644636745 1.775254529475082
 10.54898199639204 -3.790327441339895
 10.52076269841945 -0.3241306869634419
 10.54074279666451 -0.3985160287984947
 9.594689375674209 -1.978772934140666
 11.48260075341223 0.22320857955446
 13.56353770492435 -1.503989011790184
 9.508363691165897 -1.979322222530123
 8.926670219520174 2.01982135719848
 8.908465840453697 -2.289018806150025
 7.789356264538863 -0.6523974351039964
 7.518424366735394 1.123540739323639
 12.47856668233253 4.363684572890333


