# Created by Octave 4.0.3, Sat Mar 27 17:51:28 2021 KST <ohseungpill@538-MacbookPro-2018.local>
# name: C1
# type: matrix
# rows: 100
# columns: 2
 -1.492826142965115 -3.883119545326921
 0.9784719560483659 -3.166408668337411
 -1.512945200266502 0.1669070901869966
 -1.869146215019581 1.981682626838719
 -0.6963452189212499 0.1429530651782195
 1.683056585542017 0.1817366914617169
 -0.2618027759900662 -0.828521085430856
 1.83716431477062 0.9629908110415134
 1.773172908656839 2.279586388005263
 2.075745408014414 -2.758935456746344
 -0.4338595504449125 3.227385954035993
 1.687799386464516 -2.564560451295259
 0.5537415724782555 2.351852435188422
 2.173000544470721 1.358731354080182
 1.392193078685869 -0.7346667975946206
 -1.720202707169249 1.656724561887625
 2.362015884216691 -1.753443718451181
 -2.071415979695454 0.3799672749447386
 0.1890232361605605 -1.144569107648309
 -0.8374379228902871 1.33656472117724
 -0.9442674784147276 3.721441954516105
 0.4304672905038142 0.1676820212098532
 -1.17787178299584 0.7922521374257502
 2.526012539910664 0.9412020612141755
 0.7582797370119563 -0.8734020454714887
 -2.630485954445789 1.222520029439409
 4.789633415314804 -0.6443850305843843
 1.898297275893452 -2.893206629460062
 -1.56886448579127 2.68346587256847
 -1.521332559313219 -0.6095320134728009
 -4.943934631074273 1.002160791766207
 -1.333432512775236 1.535939665614006
 -0.7358776763483579 0.1336102745388394
 -0.4133632003226898 -1.856263187600317
 2.244271398660957 2.681179324842883
 0.8082429647697937 0.8164859320733905
 3.829592034271185 -1.384380721196939
 -1.835780676361837 -0.6924605729457207
 0.5605106942010635 0.8878392018652767
 1.114620961505931 0.8466455437150487
 -0.6072451718084033 0.0174953536845331
 -1.04144172740183 1.650159982584686
 1.370925358865214 1.02507722668458
 0.7693833391461622 0.8579189412031974
 -0.3792908286918713 -1.514712004882365
 -1.122061240512755 1.615669711194365
 -1.083722431171298 0.2160514396217507
 -0.4555880593415837 1.386604627713399
 -1.420285659849391 -2.193755358339075
 -3.633341708080548 0.6189650133397074
 -3.488536834249079 2.259368960636885
 -2.669078144946575 -0.1488079160857815
 3.144684184105384 1.225089283924963
 -2.087952380372532 2.514785598272561
 0.1965279546402514 -0.02281795465167058
 -0.002979493733195113 0.180706608717652
 -2.836524058806179 -0.8632209320951637
 1.351165909237545 -0.6349425286871536
 -0.4627955628563323 0.5695623779018958
 -0.4606793398140738 3.845499284746128
 1.006826744888099 -1.102326689962561
 0.8694948767478251 0.978027416709306
 -4.17636477547215 -0.03565464748662416
 -0.4175797044636707 -1.67293921175512
 0.4097201177778956 -1.084860968304588
 1.015768354173028 -1.897365392265465
 -3.079801854154844 -3.959963534055903
 0.1670363026655858 -1.831539400593653
 -2.999927857663522 -1.937053508022049
 0.1093813946277731 0.3486380135259205
 -0.4719668664539903 2.531131103588166
 1.03464218518696 -1.345387810069697
 1.341953199538753 -0.1762909840514762
 1.269139113702332 -1.0517334737288
 2.859916202745988 -2.490725956082244
 -0.2030764281346755 0.6256340178185829
 4.868153019551515 3.05579187636978
 -0.9053638602160028 0.4872011508057758
 -2.115455255479882 0.1916634855046532
 1.569616183318365 0.2410436912806244
 -2.926341295621062 -3.429060364460975
 -2.259821175553522 -2.538978552697814
 0.1953940868404284 -1.23504960581941
 -2.847323467426384 0.9903974838192302
 1.796995211917568 -0.5750792676066774
 -0.8517010943328601 -0.5197428352909327
 0.9734681702857535 1.326856088345284
 -0.8292423187571716 -0.4976847099423954
 -1.418484037388723 -1.865430758522724
 6.799648058668267 -0.727338572684643
 0.2071435025467163 -0.2556735011095005
 3.15229114378401 0.1997478423574893
 1.693148355035353 -1.597904906259312
 1.64468947649179 -3.700828297147802
 0.9944589415348321 2.279360196305317
 0.7463035852979863 2.929015067745098
 0.1841409602461655 -4.519532703913768
 -0.3608326550039058 2.036197164194059
 -0.696451238062971 1.005727378833279
 1.213902534741136 -1.613470181261979


# name: C2
# type: matrix
# rows: 100
# columns: 2
 3.736912145166771 0.1657502455045874
 0.4500643387205878 4.333327502746226
 3.240676252454979 11.70697562684528
 4.672789054116558 4.869522617189458
 0.5235739699259923 2.898436981233834
 3.564074094238118 10.98161290456802
 2.839031150728102 3.185998308487991
 1.556649202722794 5.889600535846941
 3.140678008279747 5.127052067045602
 3.118362034847717 5.21924992219132
 4.438238004064064 10.12248488518984
 2.819682129190623 6.329356618674407
 4.477305293337821 9.081096677918008
 1.623810335061847 2.339621087180799
 0.4137871866249596 6.684262411145134
 1.754232157034379 0.99243905809585
 3.696165260426615 9.431136978203615
 3.537563755607418 3.322725729320783
 2.250991545211216 5.538982810057492
 4.060027592088007 6.219414430374623
 2.396391423292627 2.619306960132906
 2.77981534772176 6.173215361773764
 3.256561689221524 4.623111944306787
 1.013580165255412 2.956979269474978
 4.159325431751123 3.908528307729032
 3.992786903304594 2.767592924839919
 4.216179522435803 3.564276995374409
 3.139220648355652 0.794182252287972
 4.456543408089682 4.195237096275468
 2.873338317474893 2.193720365285592
 3.551523239311528 4.710728663964984
 0.6599478383392618 6.707846308189281
 2.224173603346947 4.919020533504508
 5.045883892336152 3.036494134411975
 2.342719865475434 2.655146141040081
 5.34571210628784 4.881604437273748
 3.0724203866526 6.550441455084923
 0.3931422276855736 2.295626617451678
 5.729307641817735 4.764906722641363
 2.669590697662909 5.107135508413272
 -0.5703912557497488 -0.2003164087248139
 2.18114680287948 5.137217157083555
 -1.616610794024213 5.041275356122324
 5.767240439492735 7.73046548683303
 0.3763410712982411 9.847760196338445
 2.848490677565437 5.875624123047748
 1.142562223841439 3.813274861817387
 1.982040223383296 4.397394917577769
 2.70371314603817 5.760434685534433
 1.912047229044396 3.974353537350658
 2.058954640149122 8.026813655867311
 5.476569265174662 6.343189637081076
 6.767137907863516 6.51162692473918
 1.121208299733502 5.206878242055794
 3.470625399748638 3.803128731252348
 4.152874314262712 2.377223806737194
 3.18478091651547 1.438581047486223
 4.355721184923912 4.89623041936822
 1.716293903071326 4.59400503067261
 -0.09516013543132251 6.450125299978956
 2.836534222935933 5.636168246488273
 0.8513446292931204 5.548089212865432
 -0.7843401211194077 5.636782273830148
 2.629294941718417 3.239970476678971
 1.052688623622795 3.666271867299256
 2.709049429054042 6.83955412224239
 1.44123708417065 3.787385304589148
 3.011539897341274 5.730310496765057
 2.482108270346462 6.85838182187415
 1.4174817651044 2.062796047277373
 3.746106788827718 7.904525509476111
 2.042203546036654 1.965691053239435
 2.579044576541225 5.078182425464432
 4.779985153669553 9.889088468012673
 2.319825969138535 6.539313830528764
 6.076285813811534 2.600713030567683
 3.313271979687907 3.181321852888344
 3.974988514707309 2.141240197724291
 3.561265240919802 7.894172035232032
 5.713299157148441 5.243600410341307
 2.474764234409149 6.739006529368508
 4.783223718898402 5.357140078437863
 5.169859147645892 3.759481198854807
 3.444899377392406 3.744025412853833
 2.375955583856019 3.465671825965129
 1.301556177922061 4.089488846195379
 0.8800039487718982 3.091052171201076
 -0.5167571636326094 7.973782874440754
 1.589888013080731 1.558018796600523
 0.09721853529714819 7.631735834831638
 1.42277704604199 4.668927339528556
 3.541230406074064 4.35812504786511
 1.528906033880228 5.564038897144996
 3.936869506177926 1.24884205447322
 1.762735201002471 3.035966865469704
 3.710085460432686 0.2975582229120688
 4.8494792387028 4.75964094433477
 4.165484184550731 7.172059387363745
 2.678602041303806 2.141027734537964
 0.9692047084620676 4.026404224500152


