# Created by Octave 6.2.0, Mon Apr 05 13:00:20 2021 GMT <unknown@538538_Lenovo>
# name: K
# type: matrix
# rows: 1
# columns: 7
 1 5 10 15 20 25 30


# name: Etrain
# type: matrix
# rows: 1
# columns: 7
 0 5 3 2 3 3 7


# name: Etrain_rate
# type: matrix
# rows: 1
# columns: 7
 0 0.033333333333333333 0.02 0.013333333333333334 0.02 0.02 0.046666666666666669


