# Created by Octave 4.0.3, Tue Apr 13 02:08:18 2021 KST <ohseungpill@538-MacbookPro-2018.local>
# name: C1
# type: matrix
# rows: 100
# columns: 2
 0.09666105921996943 3.425660920605635
 1.162636967001413 5.522039876186679
 0.8050972797366734 2.487795357961675
 0.0719545340517037 3.782929171500541
 -0.6188097442148121 4.3545657058785
 1.646021713841734 4.284518216584944
 0.6458921966394012 3.099171080182856
 -0.7888128368991786 2.066950909065068
 -0.5384355018411611 4.139700842694015
 1.22936740328923 3.756169529184004
 0.2196953160716362 5.026405683497931
 -0.2821078667229524 4.682019374753148
 -2.114741428162011 3.530379250441968
 -0.6886554903125669 3.450569461907022
 -2.643016029064472 3.952887708542987
 1.922330491436952 5.390986491272665
 -0.09896952774509513 5.039092630786528
 0.6687963435010218 2.874554369902476
 0.07496513227086114 5.792032117589939
 1.700421265815093 2.312985686646821
 -1.874218498022044 3.156935076454635
 -0.7048425365842618 5.230187897602228
 -0.1854256272965232 4.100591640285161
 -0.3292666518752858 5.235046479077966
 -0.01184527763054142 5.23770884031529
 0.3767800781412829 5.526885319715173
 -1.140193954696128 5.600746809211217
 -2.4592115077006 5.579519586928494
 2.166373999285864 3.247733739031308
 0.1692294463521983 3.428444885677132
 0.5071465879261361 3.979674591518557
 -2.124848176343144 2.130652789515653
 0.1066525777498807 3.069230130417206
 -0.5460633303608808 2.617243641704054
 -0.2610527775018288 3.556736124210672
 0.5016482163745374 5.060596691686723
 -1.897688757983846 3.872657497751126
 0.2761456925506388 2.862494921345369
 -1.350287562104103 3.346753404625876
 -0.4892904964933413 3.70140955275591
 1.400180134098517 3.892824744049412
 0.3494486341783488 4.886556337035345
 -0.8653985932605757 2.466088556503111
 -0.5061925233179522 3.910426005196471
 0.01472190720471437 3.574345287973463
 -0.8014716400550126 4.89530990554431
 0.9561841543035093 4.400697405347922
 0.499332259896631 5.302171468086377
 -0.7616594019372317 5.331709081341515
 -1.576933514969071 4.434655524787744
 0.8980784844466149 5.037553498535658
 0.9006798087826605 4.714141973418201
 0.9942333099677955 2.80526400845005
 -0.8553237634453736 3.579229932408235
 -0.4176859260041569 2.966758544222539
 -0.2371489405009339 2.840023031407446
 -0.4807492936864322 4.616381523220689
 -0.9093375968162756 5.412161832240054
 -0.2381243050282119 4.105331016537892
 0.09398579516397514 6.875317892520295
 -0.7972595416851306 4.906465067213232
 0.849857418816949 3.408581108743376
 0.0347208822131501 4.772554329747123
 0.029163843998514 4.455906384855445
 -0.09529139730912853 2.81943149230847
 -0.7323715702644821 2.4284067343684
 -1.500162558699963 4.0767798559353
 0.3185027082658007 3.84823753205991
 -2.212183907522166 2.506745393436632
 1.2554145515538 3.828434035400419
 0.9401647727709682 3.819671341650088
 -0.3788287676587527 3.922858822209758
 -0.4754376217869007 3.616946853958547
 -1.115733837433685 3.935799423958069
 -0.1268926954465886 3.743198893775702
 -0.5516344692474661 3.532415696978224
 1.090588713395227 5.934749318645675
 -0.8938687183888601 4.34693627478056
 -0.4846668851562534 5.03210188704591
 0.9934187139958457 4.085168081618662
 0.3450253046532568 5.070868940781253
 -2.003421118490825 4.679537340540041
 -1.372312149339508 2.005227658862714
 1.695432587465056 4.071457904831378
 0.5408963196264619 3.416942547331408
 -0.3096236701377884 4.905465915468148
 0.1084621876535774 5.89524056433472
 0.1488684219075491 2.050834251539949
 -0.3525276730520013 3.37856134957916
 0.3289746901966381 4.292766328008596
 -1.568962560326561 3.27727962760074
 -0.6774120073606217 3.276921745392475
 -0.4002817856129551 4.062576670390029
 -0.2821222358635733 4.610577551590128
 -0.1361459517506237 2.576361404256203
 0.9507809104939748 3.670146857987715
 1.432010357575855 4.611613860918325
 -0.541755083767718 5.342755804989192
 0.7319405568418973 4.338950212098202
 0.6024710256390521 3.60317973017343


# name: C2
# type: matrix
# rows: 100
# columns: 2
 3.964296107256806 4.936676514003064
 4.776165612448849 4.600862821683038
 2.531236756964588 4.407691085789724
 3.709153075680922 5.365884744473524
 1.521918438956664 4.16826074003073
 5.692221022642058 3.532197994523532
 5.805941601895591 4.268106476199761
 5.515686099028458 3.906996927386939
 3.894298100657514 4.018086768849847
 3.977312727271541 4.721269891448419
 4.08342175650604 2.844515691489029
 3.078838923488607 3.940926020862461
 3.9664855801305 4.301367429655243
 4.658518334505509 4.660439320863332
 4.806578136647119 3.78839665666399
 4.121551274103912 2.717174444185721
 2.465574152797206 5.893788899614178
 3.629095121673335 4.786921827122647
 5.827125863225839 5.221009067317578
 5.237332525531846 5.629702668363497
 5.551173861055384 4.270298791634438
 1.621620334630705 2.936684542253342
 2.534649176113495 2.368777208106073
 4.225689275078947 3.236081203566325
 4.300199160762748 3.666720124380808
 3.892238609099015 2.682185418178521
 4.273858321028174 3.666480002183519
 3.245836085989926 3.1512029678159
 5.164071160362203 4.299688555181014
 4.521762584137001 3.447693317734533
 4.824930542681007 3.901394706617097
 4.349815020686867 2.856580631153698
 3.782555383171733 3.951951130151457
 4.279317077447408 3.227802674030974
 5.147904203286249 4.909387209647747
 4.49720262110287 3.600476436395756
 1.150519037394476 2.086903999688587
 2.805888331946082 4.188213024113812
 4.859093270577032 3.978348846726422
 5.83089856459729 4.978317558060755
 4.010464552531393 2.840843982017217
 5.433175592155392 4.807722006733795
 4.617625046115472 4.972964571878101
 6.708378304105755 3.328032999818127
 4.434568543008425 4.466240024236608
 2.899563090459573 5.609199113025777
 2.833704113743054 3.546192115333367
 4.974854286674317 4.440564205575341
 3.540423885348356 4.770339546380624
 4.52001876886063 3.390511459393911
 4.654828776205282 4.02570876576079
 3.311755423957703 3.141029620790019
 3.032604255397299 2.822047651121497
 2.963553786037027 4.877692396544196
 2.902773120543486 3.467875521328007
 4.07247216663364 3.709489867215012
 2.573294307969156 3.928559212892755
 4.447190684791076 3.134272562051685
 4.692272939621954 3.419071743847077
 3.222922543078701 5.40739581737126
 2.509789092107953 3.857092677837571
 2.933281550048664 4.395818861467321
 3.367044336835558 4.243483176624734
 5.042786285278281 3.449026232621345
 4.056628822453107 3.547552938436136
 3.303363195109098 3.267945307762131
 4.928674902549725 4.744273637016845
 5.451976676492306 3.777260877334162
 3.015386246403369 4.097356797807887
 3.838923662685592 4.026351080725084
 3.847235294325512 3.630640283480494
 4.805117934238625 2.99393023768535
 2.829004597769425 4.337751392516477
 4.434233963418525 3.902494221157862
 4.784988366693679 5.198071888324138
 2.016368213638575 3.721656538874385
 5.055306824638789 1.879796372516861
 4.796744893031766 3.178828402646175
 5.074986903269846 4.298998361609531
 2.759478964706815 4.198911574875974
 4.037337738660331 4.527322180059157
 2.444375190444219 5.22170282152387
 4.848799177617428 3.606721981835964
 2.50423236187806 4.533100341164189
 2.206672479850605 4.965544556437482
 5.19377963241087 3.970133878051801
 2.838685209884761 2.485012051441176
 4.894150956642278 4.442190981870641
 3.831534675429351 3.841062400003286
 4.942558113749533 3.608696497486331
 2.137719374350553 4.519412713262424
 2.579311615644579 3.317776297904543
 4.469391667766917 5.505406847694901
 3.620687642424959 5.591550857963445
 3.710039286569281 3.166160659723425
 4.880840687999947 3.837497104757742
 4.273798356986914 4.32729066336831
 3.555571738454629 3.845180063589452
 5.596875684802405 3.132221661778293
 3.073706290518122 5.15411383600217


