# Created by Octave 4.0.3, Mon Apr 12 02:57:55 2021 KST <ohseungpill@538-MacbookPro-2018.local>
# name: y
# type: matrix
# rows: 1
# columns: 4
 1 1 1 0


