# Created by Octave 4.0.3, Mon Apr 12 01:51:32 2021 KST <ohseungpill@538-MacbookPro-2018.local>
# name: w
# type: matrix
# rows: 2
# columns: 1
 0.528948907123411
 2.009231280971234


# name: wo
# type: scalar
0.6047710750083156


# name: Class1
# type: matrix
# rows: 5
# columns: 3
 0.4856363476010441 -0.07134869673054134 0
 -2.197122721278209 0.5551883733341987 0
 -0.2216551248904737 -1.228523090687686 0
 -0.82569792431841 -1.254960401002117 0
 0.4307952079582518 0.7455147405057223 0


# name: Class2
# type: matrix
# rows: 5
# columns: 3
 -2.678279158675257 2.430201375675734 1
 0.1260307088411822 -0.7579339559410301 1
 -1.200734142883623 0.1840829773157209 1
 0.337343683506638 1.237334043893977 1
 2.123545439684497 0.4944778043262447 1


