# Created by Octave 4.0.3, Tue Apr 13 02:21:02 2021 KST <ohseungpill@538-MacbookPro-2018.local>
# name: M
# type: matrix
# rows: 3
# columns: 2
 -0.1295535052851499 4.037182663692052
 3.984598066275801 3.995665567787012
 1.888137512527302 -0.09680545115473201


