# Created by Octave 4.0.3, Tue Jun 01 23:42:31 2021 KST <ohseungpill@538-MacbookPro-2018.local>
# name: X1
# type: matrix
# rows: 10
# columns: 2
 -0.1217787395668034 -0.3170813439115219
 -0.6425910565382876 0.9335946736985798
 -0.0789499665571302 0.723284089002027
 1.228112769693635 0.4881848133551464
 -0.5313658351838826 3.266198727638859
 -0.2861048005447525 0.03170075779402806
 -0.2276056549361897 0.3412749345353954
 0.6745231685873657 -0.08353098888269872
 1.036840000125626 0.6164210910015979
 -0.1494625229044224 -0.5249991939181058


# name: X2
# type: matrix
# rows: 10
# columns: 2
 6.007706741161176 0.1558415505399763
 6.829102236661545 0.05493268070643598
 5.085288068637472 1.398552442743476
 4.931675275280649 -1.775648376513758
 4.436534593154629 0.3296540619429648
 4.526425941729769 -1.057902771151068
 3.296465480095724 -0.6433691609456023
 4.946279951583512 0.2584407900375674
 4.118655934000711 0.8916943040148706
 6.255891433708572 -0.8366224107053788


# name: X3
# type: matrix
# rows: 10
# columns: 2
 3.053148245374576 3.555438190867408
 3.958409318895324 2.87951025731579
 1.644917821243392 4.435357962622282
 1.507877383365971 4.017088633956889
 2.48830058280236 3.63701437113811
 3.126910734781903 3.3687625239203
 2.501499217010482 3.49967501537269
 1.683673262432077 3.132806826829925
 2.615147536198142 2.959906843385043
 2.707068664865499 5.265431471849014


# name: X
# type: matrix
# rows: 30
# columns: 2
 -0.1217787395668034 -0.3170813439115219
 -0.6425910565382876 0.9335946736985798
 -0.0789499665571302 0.723284089002027
 1.228112769693635 0.4881848133551464
 -0.5313658351838826 3.266198727638859
 -0.2861048005447525 0.03170075779402806
 -0.2276056549361897 0.3412749345353954
 0.6745231685873657 -0.08353098888269872
 1.036840000125626 0.6164210910015979
 -0.1494625229044224 -0.5249991939181058
 6.007706741161176 0.1558415505399763
 6.829102236661545 0.05493268070643598
 5.085288068637472 1.398552442743476
 4.931675275280649 -1.775648376513758
 4.436534593154629 0.3296540619429648
 4.526425941729769 -1.057902771151068
 3.296465480095724 -0.6433691609456023
 4.946279951583512 0.2584407900375674
 4.118655934000711 0.8916943040148706
 6.255891433708572 -0.8366224107053788
 3.053148245374576 3.555438190867408
 3.958409318895324 2.87951025731579
 1.644917821243392 4.435357962622282
 1.507877383365971 4.017088633956889
 2.48830058280236 3.63701437113811
 3.126910734781903 3.3687625239203
 2.501499217010482 3.49967501537269
 1.683673262432077 3.132806826829925
 2.615147536198142 2.959906843385043
 2.707068664865499 5.265431471849014


# name: T
# type: matrix
# rows: 30
# columns: 3
 1 0 0
 1 0 0
 1 0 0
 1 0 0
 1 0 0
 1 0 0
 1 0 0
 1 0 0
 1 0 0
 1 0 0
 0 1 0
 0 1 0
 0 1 0
 0 1 0
 0 1 0
 0 1 0
 0 1 0
 0 1 0
 0 1 0
 0 1 0
 0 0 1
 0 0 1
 0 0 1
 0 0 1
 0 0 1
 0 0 1
 0 0 1
 0 0 1
 0 0 1
 0 0 1


